11111000000011100000000000011111
11100000000009000000000000000111
11111111111111100011111111111111
-1,-1,-1,1
11111111111111100011111111111111
1110A000S00000000000000000001111
11111111111111111111111111111111
2,-1,0,-1
11111000000011100000000000011111
11100000000009000000000000000111
11111111111111100011111111111111
-1,-1,-1,3
11111111111111100011111111111111
111000000009S0000000000000000111
11111111001111111111110011111111
-1,-1,2,4
11111111001111111111110011111111
11111000000B01111111110000011111
111111111110000S0000011111111111
-1,-1,3,5
11111111111000000000011111111111
111110000000000000000B000A011111
11111111111111111111111111111111
-1,6,4,-1
11111000000011100000000000011111
11100000000009000000000000000111
11111111111111100011111111111111
-1,-1,-1,7
11111111111111100L11111111111111
1110000S000000X00000000000000111
11111000000000000000000000011111
-1,-1,6,8
11111000000000000000000000011111
1110000000S000000000000000000111
11111111110011111111001111111111
-1,-1,7,9
111111111100111111110L1111111111
11100000000000009000B00000000111
11111111S01111111111110011111111
-1,-1,8,10
11111111001111111111110011111111
1110000000000X000009000000000111
11111111111111100011111111111111
-1,-1,9,11
11111111111111100011111111111111
111110A00X0000000000000000011111
11111111111111111111111111111111
12,-1,10,-1
11111000000011100000000000011111
11100000000009000000000000000111
11111111111111100011111111111111
-1,-1,-1,13
11111111111111100L11111111111111
1100000000000000000000000S000011
11100111111111111111111111100111
-1,-1,12,14
1110L111111111111111111111100111
110000001111111111111111B0000011
11111100011111111111111000111111
-1,-1,13,15
11111100L11111111111111000111111
111000000011111111111N0000000111
1100S011111111111111111111000011
-1,-1,14,16
11000011111111111111111111000011
1110000000000X000009000000000111
11111111111111100011111111111111
-1,-1,15,17
11111111111111100011111111111111
1100000009000000000000S000000011
11100111111111111111111111100111
-1,-1,16,18
1110011111111111111111111110L111
110000000900000000000000000S0011
111111111111000B0000111111111111
-1,-1,17,19
11111111111100000000111111111111
11111000000000111N0000000A011111
11111111111111111111111111111111
-1,20,18,-1
11111000000011100000000000011111
11100000000009000000000000000111
11111111111111100011111111111111
-1,-1,19,21
11111111111111100L11111111111111
0000X000000000000000000000000022
11111111111111111111111111111111
22,-1,20,-1
11111111111111111111111111111111
11000000000000S00000000000000000
111110000000000000X0000000011111
-1,21,-1,23
11111000000000000000000000011111
222222222200000S0000002222222222
11111111111111100111111111111111
-1,-1,22,24
1111111111111110L111111111111111
1100X000009000000000000000000011
111110011111111111111111N0011111
-1,-1,23,25
11111001111111111111111110L11111
220000000080000S0000000000000022
11111111111111000011111111111111
-1,-1,24,26
11111111111111000L11111111111111
22000000S00080000000000000000022
1111111100111111111111B011111111
-1,-1,25,27
11111111001111111111110011111111
110000000000X000000000000000A011
11111111111111111111111111111111
-1,28,26,-1
11111000000011100000000000011111
22200000000008000000000000000222
11111111111111100011111111111111
-1,-1,27,29
11111111111111100L11111111111111
1110000000000000000B000000000111
11110X00000011111111100000001111
-1,-1,28,30
111100000000111111111000000L1111
222000000000B0000008000000000222
1111111111111100S011111111111111
-1,-1,29,31
11111111111111000L11111111111111
11111000X00000000000000000011111
1111110011100111111S011100111111
-1,-1,30,32
11111100111001111110L11100111111
2222222220000008X000000222222222
11111111110011111111001111111111
-1,-1,31,33
11111111110L11111111001111111111
11100000001111111110000B00011111
111111100000S0000000000001111111
-1,-1,32,34
111111100000000000000000L1111111
2220000000000000000000000B000222
11111S01111111111111111110011111
-1,-1,33,35
111110L1111111111111111110011111
1110000000000B009000000000000111
111111111100111111111S0111111111
-1,-1,34,36
1111111111001111111110L111111111
222220X0000009000000000000022222
11111111111111100011111111111111
-1,-1,35,37
11111111111111100011111111111111
111110A000S000000000000000011111
11111111111111111111111111111111
38,-1,36,-1
11111000000011100000000000011111
22200000000008000000000000000222
11111111111111100011111111111111
-1,-1,37,39
11111111111111100L11111111111111
111000000S0000000009000000000111
11110011111111111111111111001111
-1,-1,38,40
11110L11111111111111111111001111
220000000000800000B0000000000022
11111111111111100111111111111111
-1,-1,39,41
1111111111111110L111111111111111
11111111N00009000000000111111111
11111111110011111111001111111111
-1,-1,40,42
111111111100111111110L1111111111
22222200000002222222222000000022
111N0000111111111111111100001111
-1,-1,41,43
111100001111111111111111000L1111
1111110000000S000000900000111111
11000000001111111111110X00000011
-1,-1,42,44
110000000L1111111111110000000011
2222222200002222222222200S022222
1100B001111111111111111110000011
-1,-1,43,45
110000L1111111111111111110000011
1111N000000000000000090000011111
1111111111111100S011111111111111
-1,-1,44,46
11111111111111000L11111111111111
222220000000800000000S0000022222
11111100011111111111111000111111
-1,-1,45,47
1111110001111111111111100L111111
111100000000000S0000090000001111
11111111111100111100111111111111
-1,-1,46,48
1111111111110L111100111111111111
22000000000000000000000000B00000
11111100000000S00000000000111111
-1,49,47,-2
11111111111111111111111111111111
0000000000000000B00000000000A011
11111111111111111111111111111111
48,50,-1,-1
11111000000011100000000000011111
22200000000008000000000000000222
11111111111111100011111111111111
-1,-1,-1,51
11111111111111100L11111111111111
2200000000000S000000000000000022
111111111000000S0000000111111111
-1,-1,50,52
1111111110000000000000L111111111
22222222222220000002222222222222
1111111111111100S011111111111111
-1,-1,51,53
11111111111111000L11111111111111
2200X000000080000000000000000022
111111111001111111111S0111111111
-1,-1,52,54
1111111110011111111110L111111111
22222200000022222222000000222222
1111N000001111111111110000011111
-1,-1,53,55
11111000001111111111110000L11111
222222000000800S0000000000222222
11111111111111000011111111111111
-1,-1,54,56
11111111111111000L11111111111111
2220000000009000000000S000000222
11111001111111111111111110011111
-1,-1,55,57
111110L1111111111111111110011111
22200000000000111N00000800000222
11111111110011111111001111111111
-1,-1,56,58
111111111100111111110L1111111111
222220B0000000022000000000022222
1110000000001111111N000000000111
-1,-1,57,59
11100000000L11111111000000000111
22222220002222222222220002222222
11111000000001111110000000011111
-1,-1,58,60
111110000000L1111110000000011111
000000000000000S0000000000000022
11111111000000000000000011111111
61,-1,59,-2
11111111111111111111111111111111
00090000000111111111N00000000000
111111110000X0000000000011111111
62,60,-1,-2
11111111111111111111111111111111
00000000S00000009000000000000000
11111100000000011N00000000111111
63,61,-1,-2
11111111111111111111111111111111
110A0000S00000000000000000000000
11111111111111111111111111111111
64,62,-1,-2
11111000000011100000000000011111
22200000000008000000000000000222
11111111111111100011111111111111
-1,-1,-1,65
11111111111111100L11111111111111
222000B0000800000000000000000222
111110000111111111111110S0011111
-1,-1,64,66
11111000011111111111111000L11111
22220000000000000000000000002222
111110000000S0000000000000011111
-1,-1,65,67
11111000000000000000000000L11111
22222220002222222222220002222222
111110000000B0000000000000011111
-1,-1,66,68
11111000000000000000000000L11111
22222222200022222222000222222222
1111100000X000000000000000011111
-1,-1,67,69
11111000000000000000000000L11111
22222222222000222200022222222222
111110000000X0000000000000011111
-1,-1,68,70
11111000000000000000000000L11111
2222222222000000000S002222222222
11111111111000111100011111111111
-1,-1,69,71
1111111111100L111100011111111111
22200000000000000000000800000222
11111S01111111111111111110011111
-1,-1,70,72
111110L1111111111111111110011111
222000000800B0000000000000000222
11111111111111000011111111111111
-1,-1,71,73
11111111111111000L11111111111111
22222222222220000S02222222222222
11111000X00000000000000000011111
-1,-1,72,74
11111000000000000000000000L11111
880000000000000000000000S0000000
11111111110000X00000001111111111
-1,75,73,-2
11111111111111111111111111111111
00000000000000000000000000000900
111111000000X0000000000000111111
74,76,-1,-2
11111111111111111111111111111111
00000000000000009000000S00000000
11110000000000011N00000000001111
75,77,-1,-2
11111111111111111111111111111111
00000000000001111110000S00000900
111111111000000X0000000111111111
76,78,-1,-2
11111111111111111111111111111111
00000000001111111111110000S00000
11111000000000000000000000011111
77,79,-1,-2
11111111111111111111111111111111
000000000000000S000000000000A011
11111111111111111111111111111111
78,80,-1,-2
11111000000011100000000000011111
22200000000008000000000000000222
11111111111111100011111111111111
-1,-1,-1,81
11111111111111100L11111111111111
222000000X0000000000008000000222
11111B01111111111111111110011111
-1,-1,80,82
11111001111111111111111110L11111
2220000000008000000X000000000222
11111111111111100111111111111111
-1,-1,81,83
1111111111111110L111111111111111
2220000000X000000000080000000222
111111B0111111100111111100111111
-1,-1,82,84
1111110011111110L111111100111111
2222222220000111111111N000022222
11111100111111111111111100111111
-1,-1,83,85
1111110L111111111111111100111111
222000000011111111111N0000000222
111111110S0111111111100011111111
-1,-1,84,86
1111111100L111111111100011111111
222000000000X0000008000000000222
1111000011111100001111110B001111
-1,-1,85,87
111100001111110000111111000L1111
22222S02222222200222222220022222
11100000X00000000000000000000111
-1,-1,86,88
1110000000000000000000000000L111
22222222222222000022222222222222
11100000X00000000000000000000111
-1,-1,87,89
1110000000000000000000000000L111
22222222222220000B02222222222222
11111000X00000000000000000011111
-1,-1,88,90
11111000000000000000000000L11111
00000B00000222222222200000000222
11111110X00000000000000001111111
91,-1,89,-2
11111111111111111111111111111111
000000000X0000000000000000000000
11111100000000X00000000000111111
92,90,-1,-2
11111111111111111111111111111111
000000000000B0009000000000000000
11111000000000011N00000000011111
93,91,-1,-2
11111111111111111111111111111111
00000000000000022200000000000000
111110P0000000000000000000011111
94,92,-1,-2
11111111111111111111111111111111
000000000X0000009000000000000000
11111111X00000011100000011111111
95,93,-1,-2
11111111111111111111111111111111
1110A0000X0000000000000000000000
11111111111111111111111111111111
96,94,-1,-2
11111000000011100000000000011111
22200000000008000000000000000222
11111111111111100011111111111111
-1,-1,-1,97
11111111111111100L11111111111111
22222222222222200022222222222222
1111111110S000000000000011111111
-1,-1,96,98
11111111100000000000000011111111
2200008X000000000000000000000022
111001111111111111111111111B0111
-1,-1,97,99
1110011111111111111111111110L111
22X00000008000000000000000000022
1111111111111100S011111111111111
-1,-1,98,100
11111111111111000L11111111111111
22000000002220000002220X00000022
111S0111001111100111110011100111
-1,-1,99,101
111001110L1111100111110011100111
222002200X0000000000000002200222
111B0111111111111111111111100111
-1,-1,100,102
1110011111111111111111111110L111
22000000000000S00000000000000022
111111111100X0000000001111111111
-1,-1,101,103
111111111100000000000L1111111111
22222222222222000022222222222222
111000000000B0000000000000000111
-1,-1,102,104
1110000000000000000000000000L111
2222222222000022220S002222222222
111000000000000B0000000000000111
-1,-1,103,105
1110000000000000000000000000L111
22222222222222000022222222222222
111111110000000000000B0011111111
-1,-1,104,106
11111111000000000000000L11111111
11000001110S00111100001110000000
11111000000001111110000000011111
-1,107,105,-2
11111111111111111111111111111111
0000000000000000800X000000000000
1111110000000001110000B000111111
106,108,-1,-2
11111111111111111111111111111111
000000000000002222000000S0000000
111110P0000S00000000000000011111
107,109,-1,-2
11111111111111111111111111111111
0000000000000000900X000000000000
111111111000011111110S0011111111
108,110,-1,-2
11111111111111111111111111111111
000000000000000090000000B0000000
111100S0001111111111110000001111
109,111,-1,-2
11111111111111111111111111111111
000000000X000000000000000000A011
11111111111111111111111111111111
110,112,-1,-2
11111000000011100000000000011111
22200000000008000000000000000222
11111111111111100011111111111111
-1,-1,-1,113
11111111111111100L11111111111111
22222000S00080000000000000022222
111111001111111111111111B0111111
-1,-1,112,114
1111110L111111111111111100111111
220000000000S0000000000000000000
11111111111111111111111111111111
-1,115,113,-1
11111111111111111111111111111111
00000000000000000000000S00000022
1111111B011111111111111001111111
114,-1,-1,116
111111100111111111111110L1111111
2220000000080X000000000000000222
1111111111111N000011111111111111
-1,-1,115,117
11111111111111000L11111111111111
222222200000000000B0800002222222
1110000S011111111111111000000111
-1,-1,116,118
1110000001111111111111100000L111
22222200222222222222222200222222
1111100000000000X000000000011111
-1,-1,117,119
11111000000000000000000000L11111
2200000000000000000X000000000000
11111111111111111111111111111111
-1,120,118,-1
11111111111111111111111111111111
0000000S000022222222000000000022
1111111110X000000000000111111111
119,-1,-1,121
1111111110000000000000L111111111
2220X000000222222222000000000222
111111111000X0000000000111111111
-1,-1,120,122
1111111110000000000000L111111111
000S0000000000222200000000000022
1111100000000111111B000000011111
123,-1,121,-2
11111111111111111111111111111111
0000X000000000008000000000000000
111100000000001111N0000000001111
124,122,-1,-2
11111111111111111111111111111111
00000900000000111N00000000000000
11111111100000000000000111111111
125,123,-1,-2
11111111111111111111111111111111
000000X0000000008000000000000000
111100000000000111000S0000001111
126,124,-1,-2
11111111111111111111111111111111
00000000000000009000000000000000
11110000000000011100000000001111
127,125,-1,-2
11111111111111111111111111111111
0000000X000000222200000000000000
111110P0000S00000000000000011111
128,126,-1,-2
11111111111111111111111111111111
220A000000000X000000000000000000
111111111X0000000000000111111111
129,127,-1,-2
11111000000011100000000000011111
22200000000008000000000000000222
11111111111111100011111111111111
-1,-1,-1,130
11111111111111100L11111111111111
2220S008000022000002200000000022
1111001110011110001111S011100111
-1,-1,129,131
1111001110L111100011110011100111
2222002200X000000000000002200222
11100001111111111111111111000111
-1,-1,130,132
111000L1111111111111111111000111
2222000X000000008000000000002222
11111111100111111111100111111111
-1,-1,131,133
1111111110L111111111100111111111
2222222000000080X000000002222222
11100000011111111111111000000111
-1,-1,132,134
1110000001111111111111100000L111
2222200002222222222222200B022222
111000011111111111111111100S0111
-1,-1,133,135
1110000111111111111111111000L111
22000000022222222222222000B00000
11111111111111111111111111111111
-1,136,134,-1
11111111111111111111111111111111
00000000X00000000000000000000022
1111111111111100B011111111111111
135,-1,-1,137
11111111111111000L11111111111111
1110000000S000000000000000000111
1111111100111111111111B011111111
-1,-1,136,138
111111110L1111111111110011111111
00X00000000000000000000000000022
11111111111111111111111111111111
139,-1,137,-2
11111111111111111111111111111111
000000000000000800X0000000000000
11111111111111111111111111111111
140,138,-1,-2
11111111111111111111111111111111
000000000000S0008000000000000000
11111000000000111110X00000011111
141,139,-1,-2
11111111111111111111111111111111
000X0000000002222220000000000000
111110P00000000S0000000000011111
142,140,-1,-2
11111111111111111111111111111111
0000000X000000008000000000000000
1111100000000001110X000000011111
143,141,-1,-2
11111111111111111111111111111111
0000000000000X000000000000000000
11111111100001111110B00111111111
144,142,-1,-2
11111111111111111111111111111111
1110A000000X00000000000000000000
11111111100X00000000000111111111
145,143,-1,-2
11111000000011100000000000011111
22200000000008000000000000000222
11111111111111100011111111111111
-1,-1,-1,146
11111111111111100L11111111111111
00000000000X00000000000000000022
11111111111111111111111111111111
147,-1,145,-1
11111111111111111111111111111111
2200000000000000000X000000000000
1111111111111N000011111111111111
-1,146,-1,148
11111111111111000L11111111111111
22000000000000B00000000000000000
11111111111111111111111111111111
-1,149,147,-1
11111111111111111111111111111111
00000000000000000000B00000000022
1111100001111N000011111000011111
148,-1,-1,150
11111000011111000L11111000011111
22222222222200000000222222222222
11111111000X00000000000011111111
-1,-1,149,151
11111111000000000000000L11111111
222000002222222222200000S0222222
11110000111111111111111100001111
-1,-1,150,152
111100001111111111111111000L1111
220000000000000000000000000B0000
11111111111111111111111111111111
-1,153,151,-1
11111111111111111111111111111111
0000000000X000000000000000000022
1111100B000111111111100000011111
152,-1,-1,154
11111000000111111111100000011111
222222220S0000000080000022222222
11111111111111100111111111111111
-1,-1,153,155
1111111111111110L111111111111111
1100000011100B000000011100000000
111100X0000000000000000000001111
-1,156,154,-2
11111111111111111111111111111111
00000000X00000080000000000000000
111110000000011111X0000000011111
155,157,-1,-2
11111111111111111111111111111111
000000000B0002222200000000000800
111110P000000S000000000000011111
156,158,-1,-2
11111111111111111111111111111111
00000000S00000008000000000000000
11111000000000011N00000000011111
157,159,-1,-2
11111111111111111111111111111111
0000000000080000000000S000000000
1111100000111X000000111000011111
158,160,-1,-2
11111111111111111111111111111111
000000000000000000B000000000A022
1111111110000001110S000011111111
159,161,-1,-2
11111000000011100000000000011111
22200000000008000000000000000222
11111111111111100011111111111111
-1,-1,-1,162
11111111111111100L11111111111111
2222222000X000000008000000222222
11111111110011111111100111111111
-1,-1,161,163
1111111111001111111110L111111111
222222220000B0222222222220000022
11111111111100S00000011111111111
-1,-1,162,164
11111111111100000000L11111111111
2220000000X000000000008000000222
11111100111111111111111100111111
-1,-1,163,165
1111110L111111111111111100111111
222000B0000000000000000000000222
11111111111110X00000111111111111
-1,-1,164,166
1111111111111000000L111111111111
222000000080000B0000000000000222
11111001111111100111111110011111
-1,-1,165,167
11111001111111100111111110L11111
22200S00000002222220000000000222
111110000011111111111N0000011111
-1,-1,166,168
11111000001111111111110000L11111
22200B00000000008000000000000222
11111001111111111111111110011111
-1,-1,167,169
11111001111111111111111110L11111
22200S00000000000000080000000222
11111001111111100111111110011111
-1,-1,168,170
11111001111111100111111110L11111
22222222222222S00022222222222222
11111111111111000011111111111111
-1,-1,169,171
11111111111111000L11111111111111
000900000111111100B0000000011111
1111111X000000000000000001111111
172,-1,170,-2
11111111111111111111111111111111
000000X0000000008000000000000000
11110000000000011N00000000001111
173,171,-1,-2
11111111111111111111111111111111
00000000011N00090000000011100000
111000000000001111N0000000000111
174,172,-1,-2
11111111111111111111111111111111
000000000011111111111N0000000000
111110P000000S000000000000011111
175,173,-1,-2
11111111111111111111111111111111
0000000X000000000000000000000000
11111111111111111111111111111111
176,174,-1,-2
11111111111111111111111111111111
110A0000000000S00000000000000000
11111111B00111111100011111111111
177,175,-1,-2
11111000000011100000000000011111
22200000000009000000000000000222
11111001111111100011111110011111
-1,-1,-1,178
111110L1111111100011111110011111
220000000000022222220000000B0000
11111111111111111111111111111111
-1,179,177,-1
11111111111111111111111111111111
000000X0000002222220000000000022
111111000X0000000000000000111111
178,-1,-1,180
11111100000000000S0000000L111111
222222222220000S0000022222222222
11111111100000000000000111111111
-1,-1,179,181
1111111110000000000000L111111111
22000080B00000222200000000000022
11100111111111111111111111N00111
-1,-1,180,182
1110L111111111111111111111100111
22000000900B00222200000000000022
1111111111X000000000001111111111
-1,-1,181,183
111111111100000000000L1111111111
22222222222002222220022222222222
111000000000X0000000000000000111
-1,-1,182,184
1110000000000000000000000000L111
22222222222220000002222222222222
111000000000000000S0000000000111
-1,-1,183,185
1110000000000000000000000000L111
22222222200222200222200222222222
1110000000000000000B000000000111
-1,-1,184,186
1110000000000000000000000000L111
22222222222000000000022222222222
11111100000000000000B00000111111
-1,-1,185,187
1111110000000000000000000L111111
2200000000000022220X000000000000
111100000000000B0000000000001111
-1,188,186,-2
11111111111111111111111111111111
0000000S000222222222200000000000
111110P000000000S000000000011111
187,189,-1,-2
11111111111111111111111111111111
000000X0000000008000000000000000
1111110000000001110X000000111111
188,190,-1,-2
11111111111111111111111111111111
0000000B022222222222222000008000
111110P00000000S0000000000011111
189,191,-1,-2
11111111111111111111111111111111
000000000X0000008000000000000000
1111111000000011111X000000111111
190,192,-1,-2
11111111111111111111111111111111
00000000000S0002220000000000A022
11111111100000000000000011111111
191,193,-1,-2
11111000000011100000000000011111
22200000000008000000000000000222
11111111111111100011111111111111
-1,-1,-1,194
11111111111111100L11111111111111
22222000X00000000000800000022222
110000000111111111111110000B0011
-1,-1,193,195
11000000L11111111111111000000011
22220000222222222222222200S02222
111111B0000000000000000000111111
-1,-1,194,196
1111110000000000000000000L111111
11111111110000X00000001111111111
11100000000000X00000000000000111
-1,-1,195,197
1110000000000000000000000000L111
2222222222220X000000222222222222
1111111111000X000000001111111111
-1,-1,196,198
111111111100000000000L1111111111
222222222222000B0000222222222222
11111111111111100111111111111111
-1,-1,197,199
1111111111111110L111111111111111
2220000000X000000000800000000222
11111B01111111111111111110011111
-1,-1,198,200
11111001111111111111111110L11111
0000000000000000000X000000000022
11111111111111111111111111111111
201,-1,199,-1
11111111111111111111111111111111
22222220000000002222200S00000000
11111000000000000X00000000011111
-1,200,-1,202
11111000000000000000000000L11111
22222222222222000022222222222222
1111111000000S000000000001111111
-1,-1,201,203
111111100000000000000000L1111111
0000000X000000000000000000000022
111N0011111111111111111110001111
204,-1,202,-2
11111111111111111111111111111111
00009000000111111111100S00000000
1111110000X000000000000000111111
205,203,-1,-2
11111111111111111111111111111111
000000X0000000008000000000000000
111111000000000111000B0000111111
206,204,-1,-2
11111111111111111111111111111111
00000000000B00009000000000000000
11111100000000011N00000000111111
207,205,-1,-2
11111111111111111111111111111111
00000S00002222222222220000000000
111110P00S0000000000000000011111
208,206,-1,-2
11111111111111111111111111111111
1110A0000X0000000000000000000000
1111111000000000000000S001111111
209,205,-1,-2
11111000000011100000000000011111
22200000000008000000000000000222
11111111111111100011111111111111
-1,-1,-1,210
11111111111111100L11111111111111
22000000000X00000000800000000022
1111B011001111111111110011001111
-1,-1,209,211
111100110011111111111100110L1111
2200000222222222222222222000S022
1111100001111111111111N000011111
-1,-1,210,212
11111000011111111111111000L11111
22000000X00000000000800000000022
1111111111111100B011111111111111
-1,-1,211,213
11111111111111000L11111111111111
22000000X00000000000008000000022
111N0011111111111111111111001111
-1,-1,212,214
111100111111111111111111110L1111
2200000000000000000X000000000000
11111111111111111111111111111111
-1,215,213,-1
11111111111111111111111111111111
0000000X000000000000000000000022
1111111X000000111100000001111111
214,-1,-1,216
1111111000000L111100000001111111
222222222200000B0000002222222222
11111111111111100111111111111111
-1,-1,215,217
1111111111111110L111111111111111
22222222222222200222222222222222
11111111111111100111111111111111
-1,-1,216,218
1111111111111110L111111111111111
2200000000022000000220X000000022
111001111B0111100111100111100111
-1,-1,217,219
1110011110011110L111100111100111
2200002200000000X000000022000000
11111111111111111111111111111111
-1,220,218,-2
11111111111111111111111111111111
00000000S00111111111100000090000
1111110000000000X000000000111111
219,221,-1,-2
11111111111111111111111111111111
0000000S000222222222200000000000
111110P00000000S0000000000011111
220,222,-1,-2
11111111111111111111111111111111
00000000000000008000S00000000000
1111111000B000011100000000111111
221,223,-1,-2
11111111111111111111111111111111
000000000000000000000000000S0000
11111111100000X00000000111111111
222,224,-1,-2
11111111111111111111111111111111
00000000X0000002220000000000A022
11111110000000000000000001111111
223,225,-1,-2
11111000000011100000000000011111
22200000000008000000000000000222
11111111111111100111111111111111
-1,-1,-1,226
1111111111111110L111111111111111
22000000000X00000008000000000022
11111110011111111111111001111111
-1,-1,225,227
111111100111111111111110L1111111
2222000000000022222222X000000022
111111111111X0000000111111111111
-1,-1,226,228
1111111111110000000L111111111111
222222B0000000000000080000222222
11000000011111111111111X00000011
-1,-1,227,229
11000000L11111111111111000000011
22222222000022222222222200S02222
1100000111111111111111111000B011
-1,-1,228,230
11000001111111111111111110000L11
222200000000000S0080000000002222
11111111111111100111111111111111
-1,-1,229,231
1111111111111110L111111111111111
22222222222222200222222222222222
111111111000S0000000000111111111
-1,-1,230,232
1111111110000000000000L111111111
11111110X00000011111111110000011
111111110B0000000000000011111111
-1,-1,231,233
11111111000000000000000L11111111
1111111111111N000011111111111111
11100000X00000000000000000000111
-1,-1,232,234
1110000000000000000000000000L111
222222222222002222S0222222222222
111111000B0000000000000000111111
-1,-1,233,235
1111110000000000000000000L111111
0000011111111N000001111111100011
11100000000000000000000S00000111
236,-1,234,-2
11111111111111111111111111111111
0000900000001111111100B000000000
1111110000X000000000000000111111
237,235,-1,-2
11111111111111111111111111111111
0000B000000222222222200000000000
111110P0000000000S00000000011111
238,236,-1,-2
11111111111111111111111111111111
0000000X000000008000000000000000
11111110000000011100S00000111111
239,237,-1,-2
11111111111111111111111111111111
000080000S0000088800000000000000
11111100000000000000000000111111
240,238,-1,-2
11111111111111111111111111111111
2220A00000000002220X000000000000
1111111110000000000000B011111111
241,239,-1,-2
11111000000011100000000000011111
22200000000008000000000000000222
11111111111111100111111111111111
-1,-1,-1,242
1111111111111110L111111111111111
22000000000X00000008000000000022
11110000011111111111111000S01111
-1,-1,241,243
111100000111111111111110000L1111
111111B0111111111111111100111111
111000000000000000000X0000000111
-1,-1,242,244
1110000000000000000000000000L111
2222222001111111111111N002222222
111000000S0000000000000000000111
-1,-1,243,245
1110000000000000000000000000L111
222222222220X0000000022222222222
111000000000X0000000000000000111
-1,-1,244,246
1110000000000000000000000000L111
22222222222000000000022222222222
1111100000X000000000000000011111
-1,-1,245,247
11111000000000000000000000L11111
22200X00000222222222200000000222
111111111000000000000S0111111111
-1,-1,246,248
1111111110000000000000L111111111
22222222222B02222220022222222222
1111100000000011110X000000011111
-1,-1,247,249
11111000000000111100000000L11111
2220000000B022222222000000000222
111111100000001111X0000001111111
-1,-1,248,250
11111110000000111100000001111111
22222222220022222222002222222222
1110000000000011110000S000000111
-1,-1,249,251
1110000000000011110000000000L111
2200002222222222222222222200S000
111000000000000X0000000000000111
-1,252,250,-2
11111111111111111111111111111111
0000000B022222222222222000008000
111110P000000S000000000000011111
251,253,-1,-2
11111111111111111111111111111111
000000X0000000022200000000080000
1111110000000000000000S000111111
252,254,-1,-2
11111111111111111111111111111111
00000000B00002222220000000080000
111111100000000000X0000001111111
253,255,-1,-2
11111111111111111111111111111111
00000000X00000022200000000000000
1111110000000000000X000000111111
254,256,-1,-2
11111111111111111111111111111111
000000X000000002220000000000A022
11111111100000000000000111111111
255,257,-1,-2
11111000000011100000000000011111
22200000000008000000000000000222
11111111111111100011111111111111
-1,-1,-1,258
11111111111111100L11111111111111
2220S008000022000002200000000022
1111001110011110001111S011100111
-1,-1,257,259
1111001110L111100011110011100111
2222002200X000000000000002200222
11100001111111111111111111000111
-1,-1,258,260
111000L1111111111111111111000111
2222000X000000008000000000002222
11111111100111111111100111111111
-1,-1,259,261
1111111110L111111111100111111111
222222200000008X0000000002222222
11100000011111111111111000000111
-1,-1,260,262
1110000001111111111111100000L111
2222200002222222222222200B022222
111000011111111111111111100S0111
-1,-1,261,263
1110000111111111111111111000L111
22000000022222222222222000B00000
11111111111111111111111111111111
-1,264,262,-1
11111111111111111111111111111111
000000X0000000000000000000000022
1111111111111100B011111111111111
263,-1,-1,265
11111111111111000L11111111111111
11100000000S00000000000000000111
1111111100111111111111B011111111
-1,-1,264,266
111111110L1111111111110011111111
000X0000000000000000000000000022
11111111111111111111111111111111
267,-1,265,-1
11111111111111111111111111111111
000000000000000800X0000000000000
11111111111111111111111111111111
268,266,-1,-2
11111111111111111111111111111111
000000000000S0008000000000000000
11111000000000111110X00000011111
269,267,-1,-2
11111111111111111111111111111111
000X0000000002222220000000000000
111110P00000000S0000000000011111
270,268,-1,-2
11111111111111111111111111111111
00000000X00000008000000000000000
11111000000000011100X00000011111
271,269,-1,-2
11111111111111111111111111111111
0000000000000X000000000000000000
11111111100001111110B00111111111
272,270,-1,-2
11111111111111111111111111111111
1110A000000X00000000000000000000
11111111100X00000000000111111111
273,271,-1,-2
11111000000011100000000000011111
22200000000008000000000000000222
11111111111111100011111111111111
-1,-1,-1,274
11111111111111100L11111111111111
000000000X0000000000000000000022
11111111111111111111111111111111
275,-1,273,-1
11111111111111111111111111111111
2200000000000000000X000000000000
1111111111111N000011111111111111
-1,274,-1,276
11111111111111000L11111111111111
22000000000000B00000000000000000
11111111111111111111111111111111
-1,277,275,-1
11111111111111111111111111111111
00000000000000000000B00000000022
1111100001111N000011111000011111
276,-1,-1,278
11111000011111000L11111000011111
22222222222220000002222222222222
11111111000X00000000000011111111
-1,-1,277,279
11111111000000000000000L11111111
222000002222222222200000S0222222
11110000111111111111111100001111
-1,-1,278,280
111100001111111111111111000L1111
220000000000000000000000000B0000
11111111111111111111111111111111
-1,281,279,-1
11111111111111111111111111111111
000000000X0000000000000000000022
1111100B000111111111100000011111
280,-1,-1,282
11111000000111111111100000011111
222222220S0000000080000022222222
11111111111111100111111111111111
-1,-1,281,283
1111111111111110L111111111111111
1100000011100B000000011100000000
1111000X000000000000000000001111
-1,284,282,-2
11111111111111111111111111111111
0000000X000000080000000000000000
111110000000011111X0000000011111
283,285,-1,-2
11111111111111111111111111111111
000000000B0002222200000000000800
111110P000000S000000000000011111
284,286,-1,-2
11111111111111111111111111111111
00000000S00000008000000000000000
11111000000000011N00000000011111
285,287,-1,-2
11111111111111111111111111111111
0000000000080000000000S000000000
1111100000111X000000111000011111
286,288,-1,-2
11111111111111111111111111111111
000000000000000000B000000000A022
1111111110000001110S000011111111
287,289,-1,-2
11111111111111111111111111111111
11000000000000000000000000000011
11111111111111111111111111111111
-1,-1,-1,-1